acc_BP =

    0.9427


acc_BP_std =

    0.0049


acc_KBP =

    0.9434


acc_KBP_std =

    0.0025